12 month: ,2010-01 to 2010-12,,,12 month: ,2011-01 to 2011-12,,,12 month: ,2012-01 to 2012-12,,,12 month: ,2013-01 to 2013-12,,,12 month: ,2014-01 to 2014-12,,,12 month: ,2015-01 to 2015-12,,,Total Period: 2010-01 to 2016-11
Prot,Avg Ret,St Dev,Annual Ret,Prot,Avg Ret,St Dev,Annual Ret,Prot,Avg Ret,St Dev,Annual Ret,Prot,Avg Ret,St Dev,Annual Ret,Prot,Avg Ret,St Dev,Annual Ret,Prot,Avg Ret,St Dev,Annual Ret,Port,Avg Ret,St Dev,Annual Ret
1,2.6484761301033029,5.8379058434357436,31.781713561239634,1,-1.3765586549960933,6.9958163087009,-16.518703859953121,1,2.7221823714775382,6.0241398280534462,32.666188457730456,1,4.3631664552812781,6.5289063231387754,52.357997463375341,1,2.6738189338541125,3.8561393392506029,32.085827206249348,1,3.3234981407608557,13.359266546930924,39.881977689130267,1,2.2610565576888164,7.4460561913859857,31.277949048028628
2,2.0457239336091697,5.973346832585225,24.548687203310035,2,-2.3852001237718303,6.5974402320107135,-28.622401485261964,2,2.7846907132560559,6.015464661603203,33.416288559072669,2,205.37644757793967,670.3081535440524,2464.5173709352762,2,2.7201614209875076,3.9686810800658332,32.641937051850093,2,4.767299409079869,16.167333930823098,57.207592908958425,2,31.37351180725096,264.83914871005356,434.00024666697163
3,2.2203841235249091,5.0537761126255543,26.644609482298907,3,-1.9280435297691694,6.6237593371447323,-23.136522357230032,3,3.4767124816011368,6.1588800353145512,41.720549779213641,3,2.4726629537029345,2.5058685419189941,29.671955444435213,3,2.2125186032244337,3.8908431014670506,26.550223238693206,3,1.0442911730739792,9.3521255962418639,12.53149407688775,3,1.4787540779640731,5.949158442043692,20.456098078503011
4,2.2413346873011615,5.3350035642540909,26.896016247613939,4,-1.9019673376416506,7.2321209430627436,-22.823608051699807,4,2.816185342925758,5.7947173342061884,33.794224115109095,4,1.1539361699906328,3.1910406886294171,13.847234039887592,4,2.0692570748943084,3.505383024119058,24.831084898731703,4,0.6157622399915077,10.524202260938953,7.3891468798980924,4,1.1234565412223603,6.2391900501093582,15.541148820242652
5,2.3396709098045698,5.893977954802283,28.076050917654836,5,-2.0003822684270491,7.2835974598488793,-24.004587221124591,5,1.5784880043916043,4.494829407798326,18.941856052699251,5,0.85997979651811063,2.6788929556550656,10.319757558217328,5,1.1332540105473192,2.7678858246894564,13.59904812656783,5,0.57807236446842802,10.944623454855138,6.9368683736211363,5,0.7701943793844509,6.1086183900340041,10.654355581484904
6,1.7138834689601208,4.2525316587199438,20.56660162752145,6,-2.2885208132079726,6.2593561566366338,-27.462249758495673,6,1.9112821812313225,4.7090363637410366,22.935386174775871,6,0.15492570774989659,3.1307505456135947,1.8591084929987591,6,0.87245162950930277,2.5421629998495225,10.469419554111633,6,1.0198007549429755,11.751663440633678,12.237609059315705,6,0.58570625013509925,6.0691159414895868,8.1022697935355392
7,2.5563378474698024,5.2445361630299479,30.676054169637631,7,-1.554547741594918,6.636893368016878,-18.654572899139016,7,1.3652148954946897,5.1074399293145696,16.382578745936275,7,1.0232154828313551,3.663603043333747,12.278585793976262,7,1.3856286812286862,4.2431186563653789,16.627544174744234,7,-0.15051485365257897,9.7619927025288913,-1.8061782438309475,7,0.76829020260198422,5.9209171336753883,10.628014469327448
8,2.3415389963283073,5.2714770967552296,28.098467955939689,8,-1.4833374939613748,8.7362047238401299,-17.800049927536499,8,1.8144966074868334,4.7909722336611722,21.773959289842001,8,0.69261041646475652,4.0170058734053269,8.3113249975770778,8,1.3586698803839152,5.7202100957463138,16.304038564606984,8,-0.12355983293339283,11.355768979142606,-1.4827179952007139,8,0.7676638095431626,6.838610799378003,10.619349365347082
9,2.3111188830942657,5.6253410588243122,27.733426597131189,9,-2.4318990307702908,8.6308004313726201,-29.18278836924349,9,2.2259003365006129,6.088970285465968,26.710804038007353,9,1.2758121667497513,3.8626180119059788,15.309746000997016,9,-0.21428072506093168,2.6258876237378495,-2.5713687007311803,9,0.39907692693801966,11.033421436288014,4.7889231232562359,9,0.60826442529111036,6.7407652295346274,8.4143245498603587
10,2.1224969319899261,5.6087326899573711,25.469963183879113,10,-2.2382725696128971,9.3757807557461295,-26.859270835354764,10,1.6353426211085642,5.9319271209114177,19.624111453302771,10,1.847078915787056,3.8091532142205722,22.164946989444672,10,0.52043969740066842,3.1924746971035978,6.2452763688080211,10,0.01116017332165716,13.083423072384914,0.13392207985988591,10,0.62405042822389312,7.2966272436748127,8.6326975904305208
Long/Short,0.52597919811337734,1.8989453786654193,6.3117503773605286,Long/Short,0.86171391461680413,3.9689771513487968,10.34056697540165,Long/Short,1.0868397503689742,2.8095181102009645,13.042077004427689,Long/Short,2.5160875394942228,5.1033078982493461,30.193050473930676,Long/Short,2.1533792364534441,2.5880659324180924,25.840550837441327,Long/Short,3.3123379674391971,4.3555814652973952,39.748055609270367,Long/Short,1.637006129464923,3.5676088114686642,22.645251457598103
